23
4
300
311212101123******11231
131211211230302***11321
112033202123032***11201
32202212223230312113032
00322132210122112300211
23322222221132101202000
12201222120122211112011
10212130121322112113221
02122122132210122233111
22000221333333301220100
32222310312222301103221
11121112323211130322133
11120120313223232200112
31222210223033232113122
21221000201200320022123
21212102131331001011211
12222232122121331110113
33211112112211311022222
11002221121122303110131
21122122032312113302101
13303130132311301102122
11210212311121210112132
20120213330122122322013




24
4
300
2231*2331223322130102230
110211320011021111321212
032231201231000122122000
111211121121130322112132
022221011113120011222202
123222222222321321012120
112302233203211212322230
000222231102011122020230
212202022101321122231201
121022311133112122123310
201223302103311322223202
322223110312201230313322
202103032311313210112212
210202321033231121223221
012202212222101312211111
102012323103123030002312
220312323312211323120122
302122221211211201222203
112111212223211101112231
201113012332122333113133
112312200212032321110213
031111213200212120113301
112321120113130120120210
220003122221212120131231



10
4
1.276
3102322310
0121232013
3021111113
0221031132
0230011012
0323321010
2003022012
2202200021
0130000020
2200022231


I1
310******0
012*3****3
302*22*3*3
022203*032
0230032012
0323322010
2003022012
2202200021
0130000020
2200022231



22
6
287.01
**********************
*********0****4*******
****5****452**031**05*
2*3*2***0144**4240*31*
51434***5124*221523302
50102***03300321301343
004331*351214334300411
132542*231434024331442
534140*023004253002433
2111503120024512501515
5110234030101111124152
5540133413353301021122
1405043443324524153354
1403401322450050253115
5522101450211215554423
5235251325455224331300
5502354434205021442435
5425015013523251435550
1413154514124521334531
2122352554312542242040
2312340303450450034231
3351341020245523043011






3
1
257.2
***
***
*0*


3
2
24.345
***
*10
000

3
1
7.24
000
000
000


10
4
1.276
3102322310
0121232013
3021111113
0221031132
0230011012
0323321010
2003022012
2202200021
0130000020
2200022231


22
6
287.01
**********************
*********0****4*******
****5****452**031**05*
2*3*2***0144**4240*31*
51434***5124*221523302
50102***03300321301343
004331*351214334300411
132542*231434024331442
534140*023004253002433
2111503120024512501515
5110234030101111124152
5540133413353301021122
1405043443324524153354
1403401322450050253115
5522101450211215554423
5235251325455224331300
5502354434205021442435
5425015013523251435550
1413154514124521334531
2122352554312542242040
2312340303450450034231
3351341020245523043011



18
8
71.49
3**********4******
3***0**3**63*****7
60352**0**517740*4
033441553*525132*0
310405164613661506
016377163465633215
157227515547036441
314630552102624601
463475334560260034
237505466645754743
465372057703636207
711313242525760120
307114720446037063
010126337517146663
462432770560361074
522510701534474457
137553260555411650
224024371102366352


7
8
247.09
***524*
*22171*
5567625
0467076
0667541
6244737
5152160



24
2
213.31
************************
************************
************************
*1**1**********0********
*0**0**********1********
*1**1**0*****1*1********
*1**0**10****010**1*****
*1**0*011****1001*1*0***
*0**1*100****1000*0*1**0
100*1*011****1100*0000*1
101*111101***1100*011001
00100111110**0100*101110
001000110011*1111*001100
000010011110000001001010
110100111110001110011101
111001000111101110001100
101001011011010101000110
010001011101110100101010
101001111000000111010100
101011110010111000101011
100010111101010101000010
010000111100010110011011
110110110111000100011011
011011101100100010010100


9
6
175.54
1**1****3
30210*3*0
535323004
154340120
124125551
144151412
431234125
541100132
010451240